24 0.225446 0.641939 0.0611548 0.0849661
24 0.580118 0.614452 0.034293 0.0815198
24 0.357942 0.699705 0.036061 0.109992
24 0.655768 0.618182 0.0446542 0.0971518
24 0.100201 0.642195 0.0456616 0.0987129
24 0.264147 0.553382 0.0480772 0.0680796
24 0.434575 0.657884 0.0529803 0.0788498
24 0.546516 0.659532 0.0369655 0.0903042
24 0.431495 0.670124 0.0591982 0.101813
24 0.144489 0.542528 0.0268997 0.0678925
24 0.598762 0.48914 0.0895096 0.0636066
24 0.0517022 0.579418 0.0602074 0.0660708
24 0.315096 0.391403 0.127424 0.127689
24 0.34509 0.558399 0.0285068 0.0701907
24 0.0133985 0.689577 0.026797 0.0921761
24 0.139723 0.593327 0.0578214 0.0547376
24 0.350151 0.625145 0.0717834 0.0616132
24 0.376687 0.640972 0.0429587 0.0945033
24 0.368412 0.545559 0.0326703 0.0651178
24 0.35045 0.556156 0.0390711 0.0763629
24 0.394615 0.588573 0.0305212 0.0522097
