24 0.746492 0.484547 0.0789784 0.140238
24 0.616738 0.55194 0.0620253 0.0745523
24 0.139944 0.550136 0.0283838 0.0720966
24 0.34313 0.542702 0.0660754 0.0929188
24 0.427505 0.520682 0.0463892 0.0486257
24 0.220871 0.522499 0.0362148 0.075988
24 0.0910557 0.556508 0.0502502 0.0796098
24 0.0441916 0.569879 0.0369627 0.0891126
24 0.549062 0.528179 0.0273787 0.0489802
24 0.489173 0.516984 0.0451586 0.0530795
24 0.489413 0.531593 0.045145 0.0681589
24 0.0760852 0.586406 0.0305932 0.074817
