24 0.423407 0.316327 0.104404 0.126052
24 0.724652 0.306913 0.0604349 0.129822
24 0.384883 0.17076 0.038602 0.100519
24 0.58158 0.234088 0.0783245 0.0849179
24 0.632352 0.344688 0.0532109 0.0638448
24 0.550976 0.518899 0.047763 0.0511063
24 0.796624 0.353181 0.062053 0.0985307
24 0.878793 0.959546 0.0985615 0.0809077
24 0.527314 0.664813 0.065601 0.0922714
24 0.615708 0.774134 0.0257618 0.0407195
24 0.940559 0.6871 0.0546185 0.0758297
24 0.759035 0.863357 0.0483505 0.0715604
24 0.6967 0.402965 0.0414524 0.0453475
24 0.803603 0.567383 0.086985 0.0903561
24 0.892459 0.555843 0.0401546 0.0427737
24 0.659933 0.468708 0.0378293 0.0509098
24 0.806841 0.456425 0.0451376 0.049601
24 0.95085 0.275907 0.0973469 0.130919
24 0.435371 0.432581 0.0281884 0.0327484
24 0.933183 0.492856 0.0432259 0.0454066
24 0.8083 0.752512 0.0375259 0.0395376
24 0.182181 0.104623 0.0357507 0.0779678
24 0.97895 0.502345 0.0414993 0.075091
24 0.293861 0.192164 0.0395805 0.066209
24 0.304325 0.537742 0.0214186 0.0417585
24 0.806551 0.554168 0.0952539 0.125659
24 0.305808 0.626352 0.0319616 0.086251
24 0.854073 0.523604 0.0275438 0.0721691
24 0.517396 0.818585 0.0317577 0.0413386
24 0.830238 0.524127 0.074569 0.0726244
24 0.909883 0.848404 0.0336874 0.0429235
24 0.845645 0.52301 0.0436893 0.0725236
24 0.273079 0.489531 0.0214177 0.0556767
