24 0.317544 0.724521 0.201315 0.495826
24 0.801688 0.561728 0.285302 0.425508
24 0.628486 0.62999 0.147408 0.418582
24 0.115278 0.714352 0.230557 0.433849
24 0.472022 0.478562 0.180452 0.202161
24 0.385641 0.437159 0.0963624 0.180139
24 0.895981 0.495283 0.107041 0.275759
24 0.245593 0.389088 0.142854 0.206139
24 0.628545 0.293894 0.0683461 0.172537
24 0.169639 0.597035 0.127902 0.210605
24 0.819199 0.417035 0.103924 0.208046
24 0.96104 0.661219 0.0769535 0.264783
24 0.562447 0.529291 0.187218 0.341226
24 0.085321 0.543898 0.100023 0.19913
24 0.289479 0.359012 0.0721276 0.157506
24 0.953485 0.437341 0.0926712 0.249247
