24 0.791299 0.804411 0.0593217 0.0792427
24 0.635774 0.780245 0.0586577 0.0831406
24 0.918028 0.760834 0.043974 0.0698467
24 0.338327 0.0542667 0.0708699 0.0606122
24 0.398106 0.774534 0.0528766 0.0735563
24 0.483298 0.771235 0.0545955 0.0848675
24 0.706546 0.0530883 0.0603054 0.0261663
24 0.82957 0.792303 0.0415901 0.0526303
24 0.440787 0.782381 0.0303584 0.058465
24 0.375819 0.704325 0.0405058 0.0500276
24 0.161535 0.765917 0.051481 0.0886099
24 0.94 0.723514 0.0769197 0.0477323
24 0.49424 0.769686 0.0757404 0.0868487
24 0.56961 0.747846 0.053248 0.0733403
24 0.437246 0.715921 0.0397273 0.0590296
24 0.0833661 0.76844 0.0576797 0.0584396
