24 0.827943 0.506326 0.043082 0.0841304
24 0.19103 0.562662 0.0892452 0.271908
24 0.827073 0.595384 0.0665779 0.0878855
24 0.515371 0.544977 0.312912 0.56071
24 0.112439 0.443107 0.0718329 0.152383
24 0.736836 0.538862 0.0598717 0.0819419
24 0.658357 0.435169 0.046861 0.0567802
24 0.927241 0.538998 0.0383354 0.113518
24 0.423164 0.539433 0.058988 0.0618094
24 0.926335 0.522766 0.0355562 0.0797324
24 0.552644 0.475434 0.140848 0.228707
24 0.357428 0.455403 0.0225255 0.0537382
24 0.248883 0.494083 0.0244567 0.05239
24 0.238127 0.424521 0.0294206 0.0551521
24 0.45826 0.552921 0.199123 0.558366
