24 0.799474 0.745031 0.184274 0.151643
24 0.786702 0.590983 0.0776628 0.13486
24 0.266079 0.685299 0.102481 0.139408
24 0.461444 0.646246 0.146678 0.171595
24 0.359037 0.664473 0.0863678 0.129462
24 0.688892 0.644909 0.146817 0.15568
24 0.291032 0.551204 0.0885888 0.162474
24 0.568028 0.55646 0.0984552 0.173601
24 0.354458 0.552423 0.0777589 0.0934972
24 0.165826 0.68256 0.153515 0.125048
24 0.0808914 0.565702 0.141881 0.116695
24 0.215173 0.585493 0.081734 0.1089
24 0.119923 0.420937 0.0989291 0.17322
24 0.0916895 0.431661 0.159845 0.19715
