24 0.88931 0.958476 0.109218 0.0828191
24 0.895418 0.842441 0.120654 0.16249
24 0.895188 0.754022 0.0425987 0.0726204
24 0.742227 0.823378 0.0926987 0.145509
24 0.0256311 0.924316 0.0511832 0.139539
24 0.96865 0.84173 0.0620806 0.106788
24 0.19941 0.941882 0.154876 0.114637
24 0.320389 0.658408 0.0710167 0.123219
24 0.030375 0.621868 0.0607499 0.0895919
24 0.0514283 0.734371 0.0736743 0.0993306
24 0.293602 0.872842 0.0853965 0.135577
24 0.832142 0.82422 0.0826002 0.139347
24 0.251639 0.847019 0.0897331 0.0826529
24 0.534164 0.897716 0.0658991 0.0762512
24 0.114227 0.61484 0.0403829 0.0524735
24 0.219156 0.926656 0.121799 0.0924534
24 0.474685 0.861124 0.0798204 0.0973615
