24 0.860123 0.516653 0.0880333 0.0998237
24 0.0830319 0.529069 0.0817422 0.15354
24 0.256089 0.238748 0.0934149 0.143426
24 0.682743 0.321484 0.0955193 0.192738
24 0.383737 0.528097 0.0786387 0.0956367
24 0.814825 0.746653 0.104388 0.113398
24 0.685084 0.556645 0.0707953 0.0959109
24 0.538477 0.279195 0.0799921 0.185019
24 0.962798 0.732511 0.072711 0.0753613
24 0.552114 0.658027 0.137665 0.236266
24 0.713054 0.56772 0.128222 0.119587
24 0.140467 0.64991 0.0523654 0.191906
24 0.646886 0.652355 0.0593584 0.125511
24 0.322192 0.632141 0.11588 0.0935815
24 0.557902 0.312184 0.118561 0.252524
