24 0.237827 0.644231 0.436994 0.295737
24 0.834812 0.810838 0.329377 0.376617
24 0.0861743 0.308679 0.170674 0.337972
24 0.485611 0.579597 0.175869 0.157355
24 0.771034 0.938409 0.254822 0.122281
24 0.446771 0.411436 0.286387 0.235392
24 0.0561027 0.91974 0.111652 0.159123
24 0.703227 0.586115 0.344199 0.37718
24 0.71588 0.514352 0.324917 0.242022
24 0.642033 0.581492 0.223979 0.367234
24 0.0308186 0.276916 0.0616066 0.223284
24 0.78598 0.285769 0.0461639 0.0564626
24 0.905813 0.513235 0.187882 0.158764
