24 0.585898 0.315631 0.0851101 0.0726477
24 0.323287 0.201125 0.0773983 0.0677992
24 0.576487 0.147207 0.0821305 0.0602533
24 0.791644 0.118944 0.0464453 0.0650976
24 0.729938 0.239027 0.0666883 0.0407792
24 0.382663 0.391845 0.0974467 0.0710974
24 0.508893 0.0908078 0.0291963 0.0475776
24 0.984112 0.764011 0.0310184 0.0607072
24 0.157857 0.372586 0.116706 0.0846118
24 0.219999 0.2085 0.0969677 0.139565
24 0.677795 0.442525 0.121672 0.0764858
24 0.909087 0.402813 0.0384563 0.0650914
24 0.116346 0.280252 0.132629 0.0614388
24 0.511546 0.427367 0.107 0.0700061
24 0.311722 0.684142 0.104811 0.129685
24 0.821377 0.187276 0.0949167 0.0394956
24 0.0358548 0.682479 0.0717095 0.105416
24 0.0613955 0.189192 0.122791 0.0784572
24 0.32768 0.633516 0.120529 0.173853
24 0.705197 0.590287 0.0466557 0.0789391
