24 0.360829 0.746293 0.0526721 0.110194
24 0.046558 0.767978 0.0931159 0.093431
24 0.126764 0.64781 0.0527933 0.0844198
24 0.183836 0.834323 0.0903088 0.118483
24 0.700284 0.477799 0.0311546 0.0540627
24 0.0596616 0.30643 0.0504267 0.0339389
24 0.76766 0.40023 0.0538967 0.0469115
24 0.618183 0.614936 0.07153 0.057734
24 0.643606 0.774477 0.0924121 0.0744235
24 0.18848 0.344561 0.0267589 0.0442584
24 0.395143 0.522479 0.06118 0.0563948
24 0.814639 0.611808 0.052937 0.0478978
24 0.51172 0.299645 0.0412785 0.0367188
24 0.321706 0.184873 0.0327447 0.0338615
24 0.257515 0.444891 0.0425478 0.0629635
24 0.0501002 0.359864 0.0547627 0.0428974
24 0.663301 0.221607 0.0304781 0.0468971
24 0.87641 0.309541 0.0286211 0.0334446
24 0.561581 0.327556 0.0208235 0.0318576
24 0.376945 0.0906625 0.0279488 0.021056
