24 0.499456 0.775983 0.60823 0.360452
24 0.515736 0.405924 0.159639 0.126916
24 0.891637 0.291711 0.1121 0.0608604
24 0.0358505 0.475791 0.071701 0.135434
24 0.0772489 0.334161 0.0572859 0.0665073
24 0.772091 0.32649 0.154062 0.0687757
24 0.364724 0.328302 0.0698146 0.0594317
24 0.690897 0.38586 0.103705 0.0919734
24 0.804639 0.198609 0.044792 0.0530977
24 0.541683 0.241277 0.101846 0.0392784
24 0.681497 0.218227 0.0448543 0.0386394
24 0.456624 0.260632 0.0407267 0.0461235
24 0.669451 0.385057 0.145193 0.0928257
24 0.10269 0.270967 0.0419003 0.0474116
