24 0.18176 0.561335 0.123398 0.279399
24 0.296359 0.432039 0.0933164 0.217622
24 0.0848613 0.485567 0.111165 0.207392
24 0.593011 0.070778 0.0628794 0.0915884
24 0.553623 0.347133 0.0618271 0.182627
24 0.409314 0.276823 0.0696409 0.097653
24 0.0289187 0.894747 0.0575371 0.210505
24 0.414498 0.136403 0.0666897 0.117599
24 0.578518 0.210019 0.0623271 0.0951934
24 0.678021 0.209346 0.102184 0.148138
24 0.516614 0.184983 0.0485423 0.0967875
24 0.448163 0.231451 0.106238 0.0970432
24 0.0562387 0.146073 0.106159 0.0803471
24 0.825035 0.248141 0.114816 0.150455
24 0.615863 0.322477 0.101322 0.108774
24 0.974044 0.324613 0.0509342 0.146836
24 0.111384 0.259083 0.0754896 0.137089
24 0.215807 0.215745 0.0825397 0.09038
24 0.0249254 0.680109 0.0498508 0.228316
24 0.21533 0.344128 0.0714271 0.139904
