24 0.319897 0.893819 0.0407673 0.0381221
24 0.809014 0.895799 0.0383866 0.0399943
24 0.049359 0.871796 0.0476985 0.0382207
24 0.361409 0.898455 0.0362973 0.0426565
24 0.482683 0.903927 0.0404123 0.0475143
24 0.860896 0.886178 0.0336376 0.0416018
24 0.685132 0.949569 0.0484955 0.041434
24 0.193684 0.829583 0.0314072 0.0406281
24 0.728501 0.835224 0.0334169 0.0259794
24 0.654372 0.91247 0.0450541 0.0535886
24 0.140302 0.900492 0.0667562 0.0545021
24 0.65519 0.902707 0.0435582 0.0314153
24 0.224526 0.82152 0.0293616 0.031922
