24 0.206294 0.186804 0.107294 0.121599
24 0.0850621 0.235859 0.106832 0.155092
24 0.355734 0.215587 0.0807307 0.117477
24 0.823627 0.268767 0.0510944 0.0988421
24 0.8283 0.156259 0.0817156 0.111813
24 0.690339 0.223359 0.0507661 0.0609677
24 0.534642 0.263013 0.0613591 0.084971
24 0.920515 0.138787 0.0390812 0.0658926
24 0.0349643 0.162531 0.0699285 0.0977446
24 0.872054 0.0849467 0.0537651 0.0616364
24 0.646408 0.287382 0.0909071 0.0833282
24 0.401661 0.273896 0.143161 0.12741
24 0.901808 0.139501 0.0763182 0.0680199
24 0.0248547 0.239849 0.0493502 0.101582
24 0.76397 0.28348 0.0488583 0.104416
