24 0.497541 0.717972 0.033618 0.0666668
24 0.898208 0.646731 0.049802 0.0586664
24 0.966663 0.489802 0.0415066 0.0505071
24 0.749622 0.484273 0.0545887 0.0571324
24 0.614871 0.571728 0.0514251 0.0436525
24 0.967088 0.743575 0.0640114 0.0587076
24 0.577415 0.380523 0.0369104 0.0647419
24 0.694654 0.310166 0.048772 0.0557287
24 0.538746 0.585294 0.0463005 0.0563185
24 0.785445 0.616113 0.0491797 0.0484881
24 0.495757 0.439373 0.0581346 0.0530734
24 0.520931 0.400671 0.0308195 0.0470308
24 0.458347 0.635009 0.0385478 0.0500827
24 0.37091 0.498213 0.0375762 0.0495574
