24 0.547732 0.775182 0.0570184 0.0788449
24 0.333245 0.763006 0.106765 0.143284
24 0.820615 0.725139 0.0451887 0.0388845
24 0.245123 0.625604 0.0455673 0.0501612
24 0.459809 0.665056 0.0583331 0.124307
24 0.326308 0.624695 0.0702504 0.113487
24 0.347968 0.877708 0.0944982 0.062934
24 0.603175 0.686503 0.0722239 0.114682
24 0.542025 0.682853 0.0673113 0.114735
24 0.367967 0.190203 0.0157378 0.0108599
24 0.682788 0.680805 0.0645814 0.126529
24 0.713367 0.717385 0.0743317 0.0733591
24 0.575665 0.6269 0.0332055 0.071886
24 0.162555 0.57963 0.0514894 0.0643988
