24 0.292746 0.712422 0.161099 0.214092
24 0.166337 0.755177 0.0851527 0.210051
24 0.682473 0.6786 0.0427258 0.185443
24 0.885711 0.768798 0.084296 0.304789
24 0.719361 0.721485 0.0588943 0.192658
24 0.501329 0.619792 0.0415989 0.119116
24 0.827804 0.737065 0.0616251 0.27178
24 0.555248 0.622382 0.0243958 0.109371
24 0.44229 0.591362 0.0215376 0.0715488
24 0.574425 0.68867 0.0566986 0.205438
24 0.471377 0.598657 0.0327543 0.0922042
24 0.828853 0.686786 0.0612865 0.174279
24 0.17198 0.593512 0.076365 0.1413
24 0.406595 0.583201 0.0239079 0.0761086
24 0.580368 0.628559 0.0316541 0.102087
