24 0.753154 0.609478 0.158174 0.426446
24 0.628394 0.681501 0.279525 0.613716
24 0.318867 0.285721 0.141511 0.324822
24 0.220925 0.360268 0.174278 0.297801
24 0.915006 0.755691 0.168908 0.320368
24 0.629667 0.363836 0.14422 0.277113
24 0.533578 0.16915 0.13708 0.167195
24 0.271115 0.704364 0.230673 0.490919
24 0.0959062 0.641923 0.18698 0.448013
24 0.921773 0.473244 0.145424 0.27677
24 0.0922325 0.215894 0.14919 0.165916
24 0.432826 0.547121 0.0937498 0.430554
24 0.0971629 0.565687 0.189853 0.310689
24 0.103632 0.343041 0.0875878 0.163631
