24 0.538509 0.761609 0.159651 0.255829
24 0.28477 0.92573 0.0750504 0.120567
24 0.474741 0.933291 0.138593 0.0960964
24 0.0991291 0.940934 0.107044 0.118132
24 0.0432084 0.708462 0.0860639 0.176093
24 0.216059 0.7067 0.163735 0.252431
24 0.768095 0.750117 0.0573355 0.0973546
24 0.856862 0.519427 0.0313225 0.062107
24 0.840013 0.618577 0.0508303 0.0391314
24 0.806722 0.561222 0.0851023 0.0629304
24 0.961264 0.66375 0.0427853 0.0542618
24 0.955595 0.618827 0.0435471 0.0346735
24 0.765606 0.509978 0.0201218 0.0232213
24 0.958878 0.653896 0.0469612 0.0722136
24 0.490315 0.659379 0.0622232 0.146949
24 0.91304 0.515246 0.0467754 0.0797836
24 0.682802 0.641801 0.0173885 0.0310416
24 0.905268 0.514956 0.0315697 0.0788305
24 0.667037 0.739513 0.0782803 0.130839
24 0.699858 0.741436 0.142274 0.134343
24 0.767449 0.735182 0.0561932 0.0721226
