24 0.152071 0.886582 0.177341 0.169234
24 0.325359 0.877007 0.11087 0.173035
24 0.50783 0.902756 0.136841 0.180617
24 0.967828 0.842062 0.0620475 0.163744
24 0.0713601 0.76388 0.119358 0.151741
24 0.63792 0.853984 0.132413 0.18659
24 0.878052 0.635027 0.199853 0.27282
24 0.17594 0.575688 0.174428 0.197485
24 0.0936504 0.520078 0.0551132 0.072776
24 0.562787 0.779964 0.0618503 0.120753
24 0.818859 0.794882 0.106244 0.314767
24 0.511896 0.654373 0.0535091 0.11924
24 0.375032 0.818834 0.0750349 0.141467
