24 0.318743 0.418094 0.030471 0.0766188
24 0.863297 0.411459 0.039925 0.0830058
24 0.0388239 0.406234 0.0282947 0.0855186
24 0.131395 0.39295 0.0280204 0.0815823
24 0.531378 0.398775 0.0700424 0.0838825
24 0.660341 0.431425 0.0390529 0.0891476
24 0.480875 0.54507 0.0415882 0.069952
24 0.340424 0.566376 0.0388071 0.0835064
24 0.816856 0.463395 0.0294497 0.0726431
24 0.349557 0.486009 0.0261802 0.0520283
24 0.755428 0.443444 0.0424083 0.0702676
24 0.594676 0.460269 0.0553097 0.0690825
24 0.497309 0.449069 0.0379013 0.0671398
24 0.768243 0.549044 0.0252434 0.0824904
24 0.448934 0.426415 0.0530222 0.0586947
24 0.638824 0.541397 0.0260004 0.0580266
24 0.713108 0.460539 0.05292 0.0676906
24 0.0664959 0.470657 0.0340646 0.0539644
24 0.714072 0.585981 0.0307193 0.0471432
24 0.894151 0.42571 0.0257301 0.0601691
24 0.941303 0.466946 0.078714 0.0509276
24 0.0684756 0.481431 0.0392382 0.0750856
24 0.75597 0.43486 0.0376227 0.0529616
