24 0.527716 0.296375 0.115895 0.065796
24 0.68983 0.515389 0.0955906 0.0817421
24 0.385753 0.347447 0.0974036 0.0836624
24 0.242965 0.414714 0.0829944 0.0567048
24 0.339612 0.660469 0.131239 0.0677551
24 0.524049 0.557722 0.138995 0.106491
24 0.146303 0.583673 0.0999073 0.0598994
24 0.513576 0.959108 0.0348362 0.0747024
24 0.796963 0.946085 0.0268744 0.0565347
24 0.837048 0.585804 0.159987 0.0843074
24 0.624695 0.403969 0.164093 0.0834469
24 0.479234 0.485352 0.109213 0.0609097
24 0.109054 0.501441 0.145556 0.0992977
24 0.0629172 0.886537 0.115891 0.0873082
24 0.321696 0.655992 0.164541 0.06814
24 0.171913 0.803347 0.0993831 0.0690378
24 0.00716593 0.499612 0.014312 0.0252766
24 0.750108 0.434177 0.127131 0.0938866
