24 0.484899 0.818399 0.303567 0.350773
24 0.113536 0.697652 0.226672 0.513457
24 0.432706 0.70434 0.372564 0.570055
24 0.728913 0.619516 0.169152 0.681854
24 0.585708 0.488228 0.233904 0.594989
24 0.178678 0.186629 0.179233 0.312815
24 0.255752 0.725667 0.136394 0.526556
24 0.623699 0.127508 0.13389 0.252686
24 0.249377 0.442381 0.241875 0.289661
24 0.856798 0.179946 0.269573 0.236335
24 0.0785821 0.388048 0.156841 0.255789
24 0.436417 0.232041 0.167963 0.257985
24 0.872668 0.669648 0.254664 0.642001
24 0.970978 0.196329 0.0572071 0.239652
24 0.405425 0.407259 0.223625 0.19813
24 0.692355 0.238993 0.154468 0.125319
24 0.872612 0.392095 0.168943 0.1668
24 0.312462 0.249456 0.218748 0.181194
24 0.0707693 0.44495 0.133025 0.158744
