24 0.245481 0.899292 0.110271 0.130273
24 0.287798 0.838305 0.079553 0.131688
24 0.403194 0.882195 0.0512068 0.0801773
24 0.559441 0.712061 0.101647 0.160258
24 0.421723 0.753384 0.0276296 0.0796767
24 0.0331754 0.833178 0.0548932 0.1164
24 0.330751 0.73714 0.0591024 0.0777725
24 0.0118175 0.760654 0.0235958 0.061916
24 0.35269 0.831776 0.0663307 0.0868551
24 0.638997 0.955044 0.072337 0.0838524
24 0.740692 0.869171 0.0422219 0.0747293
24 0.35245 0.810572 0.0660811 0.110182
24 0.857306 0.942588 0.0655565 0.0853913
24 0.837478 0.760453 0.0522377 0.0878063
24 0.769433 0.937667 0.0745004 0.102428
